[ array([[ 0.23529412,  0.23529412,  0.23529412, ...,  0.69803922,
         0.69803922,  0.69803922],
       [ 0.23529412,  0.23529412,  0.23529412, ...,  0.69803922,
         0.69803922,  0.69803922],
       [ 0.23529412,  0.23529412,  0.23529412, ...,  0.69803922,
         0.69803922,  0.69803922],
       ..., 
       [ 0.69803922,  0.69803922,  0.69803922, ...,  0.69803922,
         0.69803922,  0.69803922],
       [ 0.69803922,  0.69803922,  0.69803922, ...,  0.69803922,
         0.69803922,  0.69803922],
       [ 0.69803922,  0.69803922,  0.69803922, ...,  0.69803922,
         0.69803922,  0.69803922]])
 array([[ 0.09725527,  1.82962166,  4.43115132, ...,  0.69803922,
         0.69803922,  0.69803922],
       [ 0.9257881 ,  0.16245834,  0.83205806, ...,  0.69803922,
         0.69803922,  0.69803922],
       [ 0.0190493 ,  0.13481349,  1.1008424 , ...,  0.69803922,
         0.69803922,  0.69803922],
       ..., 
       [ 1.47795151,  1.47795151,  1.47795151, ...,  1.47795151,
         1.47795151,  1.47795151],
       [ 0.69803922,  0.69803922,  0.69803922, ...,  0.69803922,
         0.69803922,  0.69803922],
       [ 0.69803922,  0.69803922,  0.69803922, ...,  0.69803922,
         0.69803922,  0.69803922]])
 array([[ 1.83752861,  1.1083944 ,  3.69223415, ...,  2.32226883,
         2.32226883,  2.32226883],
       [ 0.38658375,  1.05344428,  2.76997272, ...,  0.21216388,
         0.21216388,  0.21216388],
       [ 6.0139519 ,  6.81932366,  0.81904787, ...,  0.53417189,
         0.53417189,  0.53417189],
       ..., 
       [ 0.72088447,  0.72088447,  0.72088447, ...,  0.72088447,
         0.72088447,  0.72088447],
       [ 2.08415144,  2.08415144,  2.08415144, ...,  2.08415144,
         2.08415144,  2.08415144],
       [ 3.42130983,  3.42130983,  3.42130983, ...,  3.42130983,
         3.42130983,  3.42130983]])
 array([[ 1.26922534,  0.89970862,  2.67336954, ...,  1.81475429,
         1.81475429,  1.81475429],
       [ 3.58818012,  3.54200674,  1.49263745, ...,  1.52724274,
         1.52724274,  1.52724274],
       [ 2.53332833,  3.81132529,  3.41367768, ...,  1.27452998,
         1.27452998,  1.27452998],
       ..., 
       [ 1.56537297,  1.56537297,  1.56537297, ...,  1.56537297,
         1.56537297,  1.56537297],
       [ 1.21348553,  1.21348553,  1.21348553, ...,  1.21348553,
         1.21348553,  1.21348553],
       [ 1.34031166,  1.34031166,  1.34031166, ...,  1.34031166,
         1.34031166,  1.34031166]])
 array([[ 3.53169996,  2.47975922,  3.27845764, ...,  0.50759628,
         0.50759628,  0.50759628],
       [ 3.77004339,  4.74424676,  4.62642086, ...,  0.70365812,
         0.70365812,  0.70365812],
       [ 2.16447998,  5.61275042,  3.35980563, ...,  0.27333378,
         0.27333378,  0.27333378],
       ..., 
       [ 0.24391709,  0.24391709,  0.24391709, ...,  0.24391709,
         0.24391709,  0.24391709],
       [ 0.12034026,  0.12034026,  0.12034026, ...,  0.12034026,
         0.12034026,  0.12034026],
       [ 2.61088024,  2.61088024,  2.61088024, ...,  2.61088024,
         2.61088024,  2.61088024]])
 array([[  6.94655337,   3.07116079,   1.14264717, ...,   7.89699161,
          7.89699161,   7.89699161],
       [  8.40710018,  18.90358645,  16.68236582, ...,   8.36442373,
          8.36442373,   8.36442373],
       [ 12.49716418,   6.0375865 ,  25.40301279, ...,   9.18271375,
          9.18271375,   9.18271375],
       ..., 
       [  4.60772869,   4.60772869,   4.60772869, ...,   4.60772869,
          4.60772869,   4.60772869],
       [  5.29003621,   5.29003621,   5.29003621, ...,   5.29003621,
          5.29003621,   5.29003621],
       [  2.7091582 ,   2.7091582 ,   2.7091582 , ...,   2.7091582 ,
          2.7091582 ,   2.7091582 ]])
 array([[ 10.83229551,   7.5821711 ,  17.42258643, ...,   6.48043365,
          6.48043365,   6.48043365],
       [  7.38832571,   3.35272184,   4.20312179, ...,   2.60382015,
          2.60382015,   2.60382015],
       [  3.73901816,   6.473474  ,   4.46842146, ...,   9.33011186,
          9.33011186,   9.33011186],
       ..., 
       [ 14.75092736,  14.75092736,  14.75092736, ...,  14.75092736,
         14.75092736,  14.75092736],
       [  3.3220818 ,   3.3220818 ,   3.3220818 , ...,   3.3220818 ,
          3.3220818 ,   3.3220818 ],
       [  1.37184606,   1.37184606,   1.37184606, ...,   1.37184606,
          1.37184606,   1.37184606]])]